0.100000  -7955.728485  1000.522642  -18353.434092  49.897458  -0.261799  0.104720  68.645425  196.188224  48.026707
0.200000  -7953.921480  1001.044213  -18358.055809  49.794915  0.261799  0.104720  68.235429  193.383689  47.691183
0.300000  -7952.085231  1001.564711  -18362.655005  49.692373  0.261799  0.104720  67.824590  190.589739  47.355078
0.400000  -7950.219900  1002.084138  -18367.231472  49.589830  0.261799  0.104720  67.412902  187.807235  47.018387
0.500000  -7948.325651  1002.602493  -18371.785003  49.487288  0.261799  0.104720  67.000363  185.037042  46.681104
0.600000  -7946.402650  1003.119776  -18376.315389  49.384745  0.261799  0.104720  66.586969  182.280026  46.343221
0.700000  -7944.451064  1003.635987  -18380.822425  49.282203  0.261799  0.104720  66.172717  179.537053  46.004735
0.800000  -7942.471064  1004.151126  -18385.305904  49.179661  0.261799  0.104720  65.757603  176.808991  45.665637
0.900000  -7940.462819  1004.665194  -18389.765622  49.077118  0.261799  0.104720  65.341624  174.096710  45.325923
1.000000  -7938.426504  1005.178189  -18394.201373  48.974576  0.261799  0.104720  64.924775  171.401080  44.985587
1.100000  -7936.362294  1005.690113  -18398.612956  48.872033  0.261799  0.104720  64.507054  168.722970  44.644622
1.200000  -7934.270365  1006.200965  -18403.000166  48.769491  0.261799  0.104720  64.088456  166.063252  44.303024
1.300000  -7932.150895  1006.710745  -18407.362804  48.666949  0.261799  0.104720  63.668977  163.422797  43.960786
1.400000  -7930.004066  1007.219453  -18411.700668  48.564406  0.261799  0.104720  63.248616  160.802475  43.617903
1.500000  -7927.830060  1007.727089  -18416.013557  48.461864  0.261799  0.104720  62.827366  158.203159  43.274370
1.600000  -7925.629061  1008.233654  -18420.301274  48.359321  0.261799  0.104720  62.405225  155.625717  42.930181
1.700000  -7923.401255  1008.739146  -18424.563621  48.256779  0.261799  0.104720  61.982189  153.071021  42.585330
1.800000  -7921.146830  1009.243567  -18428.800400  48.154236  0.261799  0.104720  61.558254  150.539938  42.239814
1.900000  -7918.865976  1009.746916  -18433.011415  48.051694  0.261799  0.104720  61.133417  148.033337  41.893625
2.000000  -7916.558884  1010.249193  -18437.196472  47.949152  0.261799  0.104720  60.707672  145.552084  41.546760
2.100000  -7914.225749  1010.750398  -18441.355376  47.846609  0.261799  0.104720  60.281018  143.097045  41.199213
2.200000  -7911.866764  1011.250531  -18445.487934  47.744067  0.261799  0.104720  59.853448  140.669083  40.850980
2.300000  -7909.482128  1011.749593  -18449.593955  47.641524  0.261799  0.104720  59.424961  138.269059  40.502055
2.400000  -7907.072039  1012.247582  -18453.673247  47.538982  0.261799  0.104720  58.995551  135.897832  40.152433
2.500000  -7904.636699  1012.744500  -18457.725622  47.436439  0.261799  0.104720  58.565215  133.556260  39.802111
2.600000  -7902.176309  1013.240346  -18461.750889  47.333897  0.261799  0.104720  58.133949  131.245197  39.451083
2.700000  -7899.691076  1013.735120  -18465.748862  47.231355  0.261799  0.104720  57.701749  128.965494  39.099345
2.800000  -7897.181204  1014.228822  -18469.719355  47.128812  0.261799  0.104720  57.268610  126.718000  38.746893
2.900000  -7894.646903  1014.721452  -18473.662182  47.026270  0.261799  0.104720  56.834529  124.503560  38.393721
3.000000  -7892.088382  1015.213010  -18477.577158  46.923727  0.261799  0.104720  56.399501  122.323014  38.039827
3.100000  -7889.505854  1015.703497  -18481.464102  46.821185  0.261799  0.104720  55.963522  120.177201  37.685204
3.200000  -7886.899532  1016.192911  -18485.322832  46.718642  0.261799  0.104720  55.526589  118.066955  37.329851
3.300000  -7884.269632  1016.681254  -18489.153166  46.616100  0.261799  0.104720  55.088697  115.993104  36.973762
3.400000  -7881.616372  1017.168525  -18492.954927  46.513558  0.261799  0.104720  54.649841  113.956473  36.616933
3.500000  -7878.939971  1017.654724  -18496.727936  46.411015  0.261799  0.104720  54.210018  111.957882  36.259361
3.600000  -7876.240650  1018.139852  -18500.472017  46.308473  0.261799  0.104720  53.769224  109.998146  35.901042
3.700000  -7873.518632  1018.623907  -18504.186994  46.205930  0.261799  0.104720  53.327453  108.078075  35.541972
3.800000  -7870.774142  1019.106890  -18507.872694  46.103388  0.261799  0.104720  52.884701  106.198473  35.182148
3.900000  -7868.007407  1019.588802  -18511.528944  46.000846  0.261799  0.104720  52.440965  104.360137  34.821566
4.000000  -7865.218655  1020.069642  -18515.155572  45.898303  0.261799  0.104720  51.996240  102.563860  34.460223
4.100000  -7862.408118  1020.549410  -18518.752410  45.795761  0.261799  0.104720  51.550522  100.810427  34.098115
4.200000  -7859.576026  1021.028106  -18522.319289  45.693218  0.261799  0.104720  51.103805  99.100618  33.735240
4.300000  -7856.722614  1021.505730  -18525.856041  45.590676  0.261799  0.104720  50.656086  97.435205  33.371593
4.400000  -7853.848118  1021.982282  -18529.362502  45.488133  0.261799  0.104720  50.207359  95.814952  33.007174
4.500000  -7850.952776  1022.457763  -18532.838508  45.385591  0.261799  0.104720  49.757622  94.240618  32.641977
4.600000  -7848.036827  1022.932171  -18536.283895  45.283049  0.261799  0.104720  49.306868  92.712953  32.276001
4.700000  -7845.100512  1023.405508  -18539.698504  45.180506  0.261799  0.104720  48.855093  91.232698  31.909242
4.800000  -7842.144075  1023.877773  -18543.082175  45.077964  0.261799  0.104720  48.402293  89.800587  31.541699
4.900000  -7839.167760  1024.348966  -18546.434749  44.975421  0.261799  0.104720  47.948463  88.417345  31.173368
5.000000  -7836.171814  1024.819087  -18549.756071  44.872879  0.261799  0.104720  47.493598  87.083690  30.804247
5.100000  -7833.156486  1025.288136  -18553.045986  44.770336  0.261799  0.104720  47.037694  85.800327  30.434334
5.200000  -7830.122026  1025.756114  -18556.304341  44.667794  0.261799  0.104720  46.580746  84.567956  30.063627
5.300000  -7827.068685  1026.223019  -18559.530985  44.565252  0.261799  0.104720  46.122748  83.387265  29.692123
5.400000  -7823.996719  1026.688853  -18562.725768  44.462709  0.261799  0.104720  45.663697  82.258931  29.319821
5.500000  -7820.906382  1027.153615  -18565.888543  44.360167  0.261799  0.104720  45.203587  81.183624  28.946718
5.600000  -7817.797933  1027.617305  -18569.019162  44.257624  0.261799  0.104720  44.742414  80.162001  28.572813
5.700000  -7814.671629  1028.079923  -18572.117481  44.155082  0.261799  0.104720  44.280172  79.194708  28.198105
5.800000  -7811.527732  1028.541469  -18575.183358  44.052539  0.261799  0.104720  43.816856  78.282383  27.822591
5.900000  -7808.366505  1029.001944  -18578.216651  43.949997  0.261799  0.104720  43.352462  77.425649  27.446270
6.000000  -7805.188212  1029.461346  -18581.217222  43.847455  0.261799  0.104720  42.886985  76.625120  27.069140
6.100000  -7801.993120  1029.919677  -18584.184933  43.744912  0.261799  0.104720  42.420419  75.881396  26.691201
6.200000  -7798.781495  1030.376936  -18587.119649  43.642370  0.261799  0.104720  41.952759  75.195065  26.312451
6.300000  -7795.553608  1030.833123  -18590.021236  43.539827  0.261799  0.104720  41.484000  74.566705  25.932890
6.400000  -7792.309731  1031.288238  -18592.889562  43.437285  0.261799  0.104720  41.014138  73.996879  25.552516
6.500000  -7789.050135  1031.742281  -18595.724497  43.334743  0.261799  0.104720  40.543166  73.486137  25.171328
6.600000  -7785.775097  1032.195253  -18598.525914  43.232200  0.261799  0.104720  40.071080  73.035015  24.789326
6.700000  -7782.484892  1032.647152  -18601.293687  43.129658  0.261799  0.104720  39.597874  72.644037  24.406510
6.800000  -7779.179798  1033.097980  -18604.027692  43.027115  0.261799  0.104720  39.123543  72.313713  24.022878
6.900000  -7775.860095  1033.547736  -18606.727807  42.924573  0.261799  0.104720  38.648082  72.044536  23.638431
7.000000  -7772.526065  1033.996420  -18609.393912  42.822030  0.261799  0.104720  38.171484  71.836988  23.253168
7.100000  -7769.177991  1034.444032  -18612.025890  42.719488  0.261799  0.104720  37.693746  71.65 533  22.867089
7.200000  -7765.816157  1034.890572  -18614.623624  42.616946  0.261799  0.104720  37.214861  71.608623  22.480195
7.300000  -7762.440851  1035.336041  -18617.187001  42.514403  0.261799  0.104720  36.734823  71.588691  22.092484
7.400000  -7759.052359  1035.780437  -18619.715910  42.411861  0.261799  0.104720  36.253628  71.632157  21.703959
7.500000  -7755.650972  1036.223762  -18622.210241  42.309318  0.261799  0.104720  35.771269  71.739424  21.314618
7.600000  -7752.236981  1036.666015  -18624.669888  42.206776  0.261799  0.104720  35.287741  71.910878  20.924462
7.700000  -7748.810678  1037.107195  -18627.094745  42.104233  0.261799  0.104720  34.803039  72.146889  20.533493
7.800000  -7745.372359  1037.547305  -18629.484709  42.001691  0.261799  0.104720  34.317156  72.447810  20.141711
7.900000  -7741.922319  1037.986342  -18631.839681  41.899149  0.261799  0.104720  33.830086  72.813978  19.749116
8.000000  -7738.460856  1038.424307  -18634.159562  41.796606  0.261799  0.104720  33.341825  73.245709  19.355710
8.100000  -7734.988269  1038.861201  -18636.444256  41.694064  0.261799  0.104720  32.852366  73.743305  18.961494
8.200000  -7731.504859  1039.297022  -18638.693669  41.591521  0.261799  0.104720  32.361703  74.307048  18.566469
8.300000  -7728.010927  1039.731772  -18640.907711  41.488979  0.261799  0.104720  31.869830  74.937202  18.170636
8.400000  -7724.506778  1040.165450  -18643.086292  41.386437  0.261799  0.104720  31.376742  75.634012  17.773998
8.500000  -7720.992717  1040.598056  -18645.229327  41.283894  0.261799  0.104720  30.882432  76.397703  17.376556
8.600000  -7717.469050  1041.029590  -18647.336731  41.181352  0.261799  0.104720  30.386894  77.228484  16.978311
8.700000  -7713.936086  1041.460053  -18649.408422  41.078809  0.261799  0.104720  29.890122  78.126542  16.579265
8.800000  -7710.394135  1041.889443  -18651.444322  40.976267  0.261799  0.104720  29.392110  79.092043  16.179421
8.900000  -7706.843507  1042.317762  -18653.444354  40.873724  0.261799  0.104720  28.892852  80.125137  15.778781
9.000000  -7703.284515  1042.745008  -18655.408444  40.771182  0.261799  0.104720  28.392342  81.225948  15.377347
9.100000  -7699.717473  1043.171183  -18657.336520  40.668640  0.261799  0.104720  27.890572  82.394585  14.975121
9.200000  -7696.142696  1043.596286  -18659.228514  40.566097  0.261799  0.104720  27.387537  83.631133  14.572107
9.300000  -7692.560501  1044.020318  -18661.084359  40.463555  0.261799  0.104720  26.883231  84.935656  14.168306
9.400000  -7688.971206  1044.443277  -18662.903992  40.361012  0.261799  0.104720  26.377647  86.308196  13.763722
9.500000  -7685.375131  1044.865164  -18664.687350  40.258470  0.261799  0.104720  25.870778  87.748775  13.358359
9.600000  -7681.772597  1045.285980  -18666.434377  40.155927  0.261799  0.104720  25.362619  89.257392  12.952218
9.700000  -7678.163925  1045.705724  -18668.145016  40.053385  0.261799  0.104720  24.853161  90.834024  12.545304
9.800000  -7674.549439  1046.124396  -18669.819215  39.950843  0.261799  0.104720  24.342400  92.478625  12.137619
9.900000  -7670.929463  1046.541996  -18671.456922  39.848300  0.261799  0.104720  23.830327  94.191127  11.729168
10.000000  -7667.304324  1046.958524  -18673.058092  39.745758  0.261799  0.104720  23.316937  95.971437  11.319954
10.100000  -7663.674350  1047.373980  -18674.622678  39.643215  0.261799  0.104720  22.802222  97.819442  10.909982
10.200000  -7660.039867  1047.788364  -18676.150640  39.540673  0.261799  0.104720  22.286176  99.735003  10.499254
10.300000  -7656.401206  1048.201677  -18677.641938  39.438130  0.261799  0.104720  21.768791  101.717957  10.087776
10.400000  -7652.758698  1048.613918  -18679.096536  39.335588  0.261799  0.104720  21.250061  103.768120  9.675552
10.500000  -7649.112676  1049.025087  -18680.514401  39.233046  0.261799  0.104720  20.729979  105.885280  9.262586
10.600000  -7645.463471  1049.435184  -18681.895503  39.130503  0.261799  0.104720  20.208538  108.069203  8.848883
10.700000  -7641.811418  1049.844209  -18683059.815  39.027961  0.261799  0.104720  19.685730  110.319629  8.434447
10.800000  -7638.156853  1050.252162  -18684.547312  38.925418  0.261799  0.104720  19.161549  112.636275  8.019284
10.900000  -7634.500113  1050.659043  -18685.817973  38.822876  0.261799  0.104720  18.635986  115.018830  7.603399
11.000000  -7630.841534  1051.064853  -18687.051779  38.720334  0.261799  0.104720  18.109036  117.466960  7.186798
11.100000  -7627.181456  1051.469591  -18688.248716  38.617791  0.261799  0.104720  17.580690  119.980305  6.769484
11.200000  -7623.520218  1051.873257  -18689.408771  38.515249  0.261799  0.104720  17.050941  122.558479  6.351465
11.300000  -7619.858161  1052.275851  -18690.531935  38.412706  0.261799  0.104720  16.519782  125.201070  5.932746
11.400000  -7616.195626  1052.677373  -18691.618203  38.310164  0.261799  0.104720  15.987204  127.907640  5.513332
11.500000  -7612.532956  1053.077823  -18692.667572  38.207621  0.261799  0.104720  15.453202  130.677724  5.093230
11.600000  -7608.870494  1053.477201  -18693.680041  38.105079  0.261799  0.104720  14.917766  133.510833  4.672447
11.700000  -7605.208585  1053.875508  -18694.655616  38.002537  0.261799  0.104720  14.380889  136.406448  4.250987
11.800000  -7601.547575  1054.272742  -18695.594302  37.899994  0.261799  0.104720  13.842563  139.364026  3.828859
11.900000  -7597.887808  1054.668905  -18696.496111  37.797452  0.261799  0.104720  13.302781  142.382996  3.406068
12.000000  -7594.229632  1055.063996  -18697.361054  37.694909  0.261799  0.104720  12.761535  145.462760  2.982622
12.100000  -7590.573395  1055.458015  -18698.189150  37.592367  0.261799  0.104720  12.218816  148.602691  2.558528
12.200000  -7586.919446  1055.850963  -18698.980418  37.489824  0.261799  0.104720  11.674617  151.802139  2.133792
12.300000  -7583.268133  1056.242838  -18699.734882  37.387282  0.261799  0.104720  11.128930  155.060421  1.708423
12.400000  -7579.619806  1056.633641  -18700.452568  37.284740  0.261799  0.104720  10.581745  158.376831  1.282428
12.500000  -7575.974816  1057.023373  -18701.133507  37.182197  0.261799  0.104720  10.033056  161.750634  0.855814
12.600000  -7572.318476  1056.828777  -18701.780394  37.233539  0.261799  -0.052360  9.482854  165.181065  0.428589
12.700000  -7568.666120  1057.217973  -18702.390465  37.130996  0.261799  0.104720  8.933410  168.700200  0.582255
12.800000  -7565.003089  1057.023644  -18702.966269  37.182338  0.261799  -0.052360  8.382449  172.233378  0.152055
12.900000  -7561.329618  1056.829047  -18703.507571  37.233679  0.261799  -0.052360  7.832249  175.853734  0.301946
13.000000  -7557.646039  1056.634181  -18704.014270  37.285021  0.261799  -0.052360  7.282807  179.519512  0.450263
13.100000  -7553.967877  1057.023916  -18704.484332  37.182479  0.261799  0.104720  6.734122  183.229966  0.597007
13.200000  -7550.280342  1056.829318  -18704.919744  37.233820  0.261799  -0.052360  6.183924  186.951121  0.159116
13.300000  -7546.583699  1056.634451  -18705.320279  37.285162  0.261799  -0.052360  5.634484  190.756273  0.302127
13.400000  -7542.878282  1056.439315  -18705.685850  37.336503  0.261799  -0.052360  5.085801  194.603582  0.443572
13.500000  -7539.179704  1056.829588  -18706.015015  37.233961  0.261799  0.104720  4.537873  198.492225  0.583451
13.600000  -7535.473066  1056.634721  -18706.309200  37.285303  0.261799  -0.052360  3.988435  202.387975  0.137927
13.700000  -7531.758664  1056.439584  -18706.568183  37.336644  0.261799  -0.052360  3.439754  206.364152  0.274120
13.800000  -7528.036833  1056.244179  -18706.791892  37.387986  0.261799  -0.052360  2.891828  210.378911  0.408756
13.900000  -7524.323251  1056.634990  -18706.979483  37.285443  0.261799  0.104720  2.344654  214.431360  0.541837
14.000000  -7520.602934  1056.439853  -18707.131810  37.336785  0.261799  -0.052360  1.795975  218.487088  0.088750
14.100000  -7516.876204  1056.244448  -18707.248665  37.388126  0.261799  -0.052360  1.248051  222.619302  0.218196
14.200000  -7513.143401  1056.048773  -18707.329988  37.439468  0.261799  -0.05236066..100879  226.786235  0.346098
14.300000  -7509.404865  1055.852830  -18707.375723  37.490810  0.261799  -0.052360  0.154457  230.986929  0.472457
14.400000  -7505.676335  1056.244716  -18707.385774  37.388267  0.261799  0.104720  -0.391216  235.220408  0.597278
14.500000  -7501.942720  1056.049041  -18707.360281  37.439609  0.261799  -0.052360  -0.938386  239.452112  0.134376
14.600000  -7498.204391  1055.853097  -18707.299049  37.490950  0.261799  -0.052360  -1.484805  243.754942  0.255633
14.700000  -7494.461691  1055.656885  -18707.202036  37.542292  0.261799  -0.052360  -2.030476  248.087343  0.375364
14.800000  -7490.714961  1055.460404  -18707.069202  37.593633  0.261799  -0.052360  -2.575401  252.448282  0.493573
14.900000  -7486.979968  1055.853364  -18706.901204  37.491091  0.261799  0.104720  -3.119582  256.836714  0.610264
15.000000  -7483.241545  1055.657151  -18706.697457  37.542433  0.261799  -0.052360  -3.665251  261.218049  0.137680
15.100000  -7479.500116  1055.460669  -18706.457788  37.593774  0.261799  -0.052360  -4.210174  265.664653  0.250884
15.200000  -7475.756021  1055.263918  -18706.182170  37.645116  0.261799  -0.052360  -4.754353  270.135319  0.362585
15.300000  -7472.009604  1055.066899  -18705.870580  37.696457  0.261799  -0.052360  -5.297790  274.628950  0.472788
15.400000  -7468.276623  1055.460934  -18705.524428  37.593915  0.261799  0.104720  -5.840486  279.144439  0.581497
15.500000  -7464.541872  1055.264183  -18705.142399  37.645256  0.261799  -0.052360  -6.384663  283.647289  0.099382
15.600000  -7460.805822  1055.067163  -18704.724346  37.696598  0.261799  -0.052360  -6.928097  288.209105  0.204689
15.700000  -7457.068816  1054.869874  -18704.270259  37.747940  0.261799  -0.052360  -7.470792  292.789160  0.308519
15.800000  -7453.331194  1054.672317  -18703.780130  37.799281  0.261799  -0.052360  -8.012748  297.386304  0.410877
15.900000  -7449.608674  1055.067427  -18703.256120  37.696739  0.261799  0.104720  -8.553968  301.999378  0.511770
16.000000  -7445.886042  1054.870137  -18702.696183  37.748080  0.261799  -0.052360  -9.096661  306.594107  0.020293
16.100000  -7442.163818  1054.672579  -18702.100202  37.799422  0.261799  -0.052360  -9.638615  311.241099  0.117875
16.200000  -7438.442343  1054.474752  -18701.468181  37.850763  0.261799  -0.052360  -10.179833  315.900245  0.214009
16.300000  -7434.721957  1054.276657  -18700.800130  37.902105  0.261799  -0.052360  -10.720317  320.570353  0.308703
16.400000  -7431.003001  1054.078292  -18700.096060  37.953447  0.261799  -0.052360  -11.260069  325.250221  0.401963
16.500000  -7427.285815  1053.879659  -18699.355987  38.004788  0.261799  -0.052360  -11.799091  329.938647  0.493796
16.600000  -7423.586017  1054.276918  -18698.583120  37.902246  0.261799  0.104720  -12.337384  334.634418  0.584209
16.700000  -7419.888397  1054.078553  -18697.774381  37.953587  0.261799  -0.052360  -12.877134  339.303744  0.079131
16.800000  -7416.193561  1053.879919  -18696.929702  38.004929  0.261799  -0.052360  -13.416154  344.015501  0.166371
16.900000  -7412.501848  1053.681016  -18696.049112  38.056270  0.261799  -0.052360  -13.954446  348.730671  0.252212
17.000000  -7408.813595  1053.481845  -18695.132642  38.107612  0.261799  -0.052360  -14.492011  353.448021  0.336661
17.100000  -7405.129139  1053.282405  -18694.180325  38.158954  0.261799  -0.052360  -15.028852  358.166316  0.419727
17.200000  -7401.463954  1053.681275  -18693.196263  38.056411  0.261799  0.104720  -15.564971  362.884316  0.501416
17.300000  -7397.802902  1053.482103  -18692.176491  38.107753  0.261799  -0.052360  -16.102534  367.568864  -0.014712
17.400000  -7394.146653  1053.282663  -18691.120994  38.159094  0.261799  -0.052360  -16.639373  372.286968  0.063931
17.500000  -7390.495541  1053.082953  -18690.029818  38.210436  0.261799  -0.052360  -17.175490  377.000759  0.141223
17.600000  -7386.849901  1052.882975  -18688.903012  38.261777  0.261799  -0.052360  -17.710887  381.708985  0.217170
17.700000  -7383.210065  1052.682729  -18687.740630  38.313119  0.261799  -1535.060  -18.245565  386.410395  0.291783
17.800000  -7379.576366  1052.482213  -18686.542728  38.364461  0.261799  -0.052360  -18.779526  391.103739  0.365068
17.900000  -7375.949133  1052.281429  -18685.309363  38.415802  0.261799  -0.052360  -19.312773  395.787764  0.437035
18.000000  -7372.343589  1052.682984  -18684.045817  38.313260  0.261799  0.104720  -19.845308  400.461220  0.507693
18.100000  -7368.744735  1052.482468  -18682.746934  38.364601  0.261799  -0.052360  -20.379267  405.092055  -0.023367
18.200000  -7365.153335  1052.281683  -18681.412784  38.415943  0.261799  -0.052360  -20.912512  409.744315  0.044426
18.300000  -7361.569718  1052.080629  -18680.043436  38.467284  0.261799  -0.052360  -21.445045  414.381955  0.110937
18.400000  -7357.994210  1051.879307  -18678.638967  38.518626  0.261799  -0.052360  -21.976866  419.003726  0.176175
18.500000  -7354.427138  1051.677716  -18677.199451  38.569968  0.261799  -0.052360  -22.507979  423.608382  0.240149
18.600000  -7350.868827  1051.475857  -18675.724970  38.621309  0.261799  -0.052360  -23.038385  428.194683  0.302869
18.700000  -7347.319599  1051.273728  -18674.215605  38.672651  0.261799  -0.052360  -23.568085  432.761389  0.364345
18.800000  -7343.779777  1051.071331  -18672.671442  38.723992  0.261799  -0.052360  -24.097083  437.307266  0.424586
18.900000  -7340.249683  1050.868666  -18671.092571  38.775334  0.261799  -0.052360  -24.625379  441.831087  0.483601
19.000000  -7336.744115  1051.273978  -18669.485717  38.672791  0.261799  0.104720  -25.152976  446.331625  0.541402
19.100000  -7333.248343  1051.071580  -18667.844235  38.724133  0.261799  -0.052360  -25.681971  450.778649  -0.007984
19.200000  -7329.763255  1050.868914  -18666.168326  38.775475  0.261799  -0.052360  -26.210265  455.231733  0.047198
19.300000  -7326.289167  1050.665979  -18664.458090  38.826816  0.261799  -0.052360  -26.737860  459.657563  0.101195
19.400000  -7322.826396  1050.462775  -18662.713629  38.878158  0.261799  -0.052360  -27.264757  464.054935  0.154019
19.500000  -7319.375256  1050.259302  -18660.935051  38.929499  0.261799  -0.052360  -27.790958  468.422648  0.205679
19.600000  -7315.936060  1050.055561  -18659.122462  38.980841  0.261799  -0.052360  -28.316465  472.759512  0.256186
19.700000  -7312.509119  1049.851551  -18657.275974  39.032183  0.261799  -0.052360  -28.841280  477.064344  0.305552
19.800000  -7309.094745  1049.647273  -18655.395701  39.083524  0.261799  -0.052360  -29.365405  481.335967  0.353786
19.900000  -7305.693244  1049.442725  -18653.481759  39.134866  0.261799  -0.052360  -29.888841  485.573215  0.400901
20.000000  -7302.304925  1049.237909  -18651.534267  39.186207  0.261799  -0.052360  -30.411591  489.774929  0.446906
20.100000  -7298.930094  1049.032824  -18649.553347  39.237549  0.261799  -0.052360  -30.933656  493.939961  0.491814
20.200000  -7295.582879  1049.442968  -18647.547409  39.135006  0.261799  0.104720  -31.455037  498.067171  0.535635
20.300000  -7292.249043  1049.238152  -18645.508029  39.186348  0.261799  -0.052360  -31.977785  502.129159  -0.034764
20.400000  -7288.929603  1049.033066  -18643.435602  39.237690  0.261799  -0.052360  -32.499847  506.179031  0.006755
20.500000  -7285.624859  1048.827712  -18641.330260  39.289031  0.261799  -0.052360  -33.021227  510.187372  0.047223
20.600000  -7282.335112  1048.622089  -18639.192140  39.340373  0.261799  -0.052360  -33.541925  514.153080  0.086649
20.700000  -7279.060657  1048.416197  -18637.021378  39.391714  0.261799  -0.052360  -34.061944  518.075065  0.125048
20.800000  -7275.801792  1048.210037  -18634.818116  39.443056  0.261799  -0.052360  -34.581285  521.952247  0.162429
20.900000  -7272.558809  1048.003608  -18632.582495  39.494397  0.261799  -0.052360  -35.099950  525.783559  0.198806
21.000000  -7269.332003  1047.796910  -18630.314662  39.545739  0.261799  -0.052360  -35.617941  529.567946  0.234191
21.100000  -7266.121662  1047.589944  -18628.014763  39.597081  0.261799  -0.052360  -36.135259  533.304366  0.268595
21.200000  -7262.928077  1047.382709  -1800000.2949  39.648422  0.261799  -0.052360  -36.651907  536.991788  0.302030
21.300000  -7259.751535  1047.175205  -18623.319372  39.699764  0.261799  -0.052360  -37.167885  540.629197  0.334510
21.400000  -7256.592321  1046.967433  -18620.924188  39.751105  0.261799  -0.052360  -37.683197  544.215590  0.366047
21.500000  -7253.450718  1046.759391  -18618.497553  39.802447  0.261799  -0.052360  -38.197842  547.749977  0.396653
21.600000  -7250.327010  1046.551081  -18616.039627  39.853788  0.261799  -0.052360  -38.711824  551.231383  0.426340
21.700000  -7247.221475  1046.342503  -18613.550572  39.905130  0.261799  -0.052360  -39.225144  554.658848  0.455122
21.800000  -7244.134393  1046.133656  -18611.030553  39.956472  0.261799  -0.052360  -39.737803  558.031425  0.483011
21.900000  -7241.078660  1046.551314  -18608.490227  39.853929  0.261799  0.104720  -40.249803  561.348183  0.510020
22.000000  -7238.041038  1046.342735  -18605.918709  39.905271  0.261799  -0.052360  -40.763121  564.586834  -0.088146
22.100000  -7235.022694  1046.133887  -18603.316732  39.956612  0.261799  -0.052360  -41.275779  567.789488  -0.062955
22.200000  -7232.023898  1045.924770  -18600.684470  40.007954  0.261799  -0.052360  -41.787777  570.933255  -0.038606
22.300000  -7229.044920  1045.715385  -18598.022100  40.059295  0.261799  -0.052360  -42.299119  574.017262  -0.015084
22.400000  -7226.086029  1045.505731  -18595.329800  40.110637  0.261799  -0.052360  -42.809805  577.040651  0.007623
22.500000  -7223.147491  1045.295808  -18592.607749  40.161979  0.261799  -0.052360  -43.319838  580.002583  0.029529
22.600000  -7220.229570  1045.085616  -18589.856132  40.213320  0.261799  -0.052360  -43.829218  582.902235  0.050647
22.700000  -7217.332528  1044.875156  -18587.075131  40.264662  0.261799  -0.052360  -44.337949  585.738798  0.070991
22.800000  -7214.456625  1044.664427  -18584.264934  40.316003  0.261799  -0.052360  -44.846030  588.511485  0.090574
22.900000  -7211.602120  1044.453429  -18581.425729  40.367345  0.261799  -0.052360  -45.353465  591.219521  0.109409
23.000000  -7208.769269  1044.242163  -18578.557708  40.418686  0.261799  -0.052360  -45.860254  593.862153  0.127511
23.100000  -7205.958325  1044.030628  -18575.661063  40.470028  0.261799  -0.052360  -46.366399  596.438642  0.144894
23.200000  -7203.169542  1043.818824  -18572.735989  40.521370  0.261799  -0.052360  -46.871903  598.948268  0.161570
23.300000  -7200.403169  1043.606752  -18569.782683  40.572711  0.261799  -0.052360  -47.376766  601.390331  0.177555
23.400000  -7197.659454  1043.394411  -18566.801342  40.624053  0.261799  -0.052360  -47.880990  603.764146  0.192861
23.500000  -7194.938644  1043.181801  -18563.792169  40.675394  0.261799  -0.052360  -48.384576  606.069047  0.207504
23.600000  -7192.240981  1042.968922  -18560.755366  40.726736  0.261799  -0.052360  -48.887527  608.304388  0.221496
23.700000  -7189.566708  1042.755775  -18557.691136  40.778077  0.261799  -0.052360  -49.389844  610.469541  0.234852
23.800000  -7186.916065  1042.542359  -18554.599687  40.829419  0.261799  -0.052360  -49.891529  612.563895  0.247587
23.900000  -7184.289289  1042.328674  -18551.481225  40.880761  0.261799  -0.052360  -50.392583  614.586860  0.259714
24.000000  -7181.686615  1042.114721  -18548.335962  40.932102  0.261799  -0.052360  -50.893007  616.537864  0.271248
24.100000  -7179.108277  1041.900499  -18545.164109  40.983444  0.261799  -0.052360  -51.392804  618.416354  0.282203
24.200000  -7176.554506  1041.686008  -18541.965880  41.034785  0.261799  -0.052360  -51.891975  620.221796  0.292593
24.300000  -7174.025531  1041.471249  -18538.741488  41.086127  0.261799  -0.052360  -52.390521  621.953678  0.302434
24.400000  -7171.521578  1041.256220  -18535.491152  41.137468  0.261799  -0.052360  -52.888444  623.611503  0.311739
24.500000  -7169.042873  1041.040923  -18532.215090  41.188810  0.261799  -0.052360  -53.385746  625.194796  0.320523
24.600000  -7166.589638  1040.825358  -18528.913523  41.240152  0.261799  -0.052360  -53.882427  626.703102  0.328800
24.  -0.20 -7164.162093  1040.609524  -18525.586671  41.291493  0.261799  -0.052360  -54.378491  628.135986  0.336586
24.800000  -7161.760456  1040.393421  -18522.234759  41.342835  0.261799  -0.052360  -54.873938  629.493030  0.343895
24.900000  -7159.384943  1040.177049  -18518.858012  41.394176  0.261799  -0.052360  -55.368769  630.773839  0.350741
25.000000  -7157.035767  1039.960409  -18515.456657  41.445518  0.261799  -0.052360  -55.862987  631.978036  0.357140
25.100000  -7154.713141  1039.743499  -18512.030921  41.496859  0.261799  -0.052360  -56.356592  633.105266  0.363106
25.200000  -7152.417273  1039.526322  -18508.581034  41.548201  0.261799  -0.052360  -56.849587  634.155191  0.368654
25.300000  -7150.148369  1039.308875  -18505.107229  41.599543  0.261799  -0.052360  -57.341972  635.127495  0.373799
25.400000  -7147.906636  1039.091160  -18501.609737  41.650884  0.261799  -0.052360  -57.833750  636.021883  0.378556
25.500000  -7145.692274  1038.873176  -18498.088793  41.702226  0.261799  -0.052360  -58.324922  636.838079  0.382940
25.600000  -7143.505485  1038.654924  -18494.544632  41.753567  0.261799  -0.052360  -58.815489  637.575826  0.386966
25.700000  -7141.346466  1038.436402  -18490.977492  41.804909  0.261799  -0.052360  -59.305452  638.234890  0.390649
25.800000  -7139.215413  1038.217612  -18487.387611  41.856250  0.261799  -0.052360  -59.794814  638.815055  0.394003
25.900000  -7137.112518  1037.998554  -18483.775228  41.907592  0.261799  -0.052360  -60.283576  639.316126  0.397045
26.000000  -7135.037974  1037.779226  -18480.140586  41.958934  0.261799  -0.052360  -60.771739  639.737928  0.399790
26.100000  -7132.991968  1037.559630  -18476.483927  42.010275  0.261799  -0.052360  -61.259305  640.080308  0.402251
26.200000  -7130.974688  1037.339765  -18472.805493  42.061617  0.261799  -0.052360  -61.746274  640.343130  0.404446
26.300000  -7128.986317  1037.119632  -18469.105532  42.112958  0.261799  -0.052360  -62.232650  640.526282  0.406388
02  0.155570
2.103510  0.381277
25.800000  33744.472550  4147.043475  71575.398126  59.499176  0.261799  0.104720  202.262180  17.268437  0.675894
25.900000  33738.973686  4146.732081  71577.649136  59.550518  -0.261799  -0.052360  202.606012  -1.486829  0.040332
26.000000  33733.483695  4146.420417  71579.935074  59.601859  0.261799  -0.052360  202.262477  17.829115  0.334743
26.100000  33727.998010  4147.043426  71582.180722  59.499317  0.000000  0.104720  202.262477  -0.822450  0.631296
26.200000  33722.499144  4146.732031  71584.431765  59.550658  0.000000  -0.052360  202.262477  -0.548902  -0.006051
26.300000  33716.995534  4146.420367  71586.684751  59.602000  0.000000  -0.052360  202.262477  -0.226232  0.288433
