0.100000  163307.418457  6000.447705  265975.310060  299.002153  42.378985  -0.003275
0.200000  163306.448110  6000.300959  266005.141665  297.955658  42.378985  -0.006562
0.300000  163305.481160  6000.056798  266034.868838  296.925201  42.378985  -0.009860
0.400000  163304.517565  5999.715554  266064.492847  295.910488  42.378985  -0.013169
0.500000  163303.557286  5999.277553  266094.014931  294.911234  42.378985  -0.016490
0.600000  163302.600283  5998.743112  266123.436300  293.927162  42.378985  -0.019821
0.700000  163301.646517  5998.112546  266152.758138  292.958002  42.378985  -0.023163
0.800000  163300.695951  5997.386159  266181.981601  292.003495  42.378985  -0.026516
0.900000  163299.748549  5996.564252  266211.107820  291.063385  42.378985  -0.029880
1.000000  163298.804273  5995.647119  266240.137900  290.137428  42.378985  -0.033254
1.100000  163297.863089  5994.635050  266269.072924  289.225382  42.378985  -0.036639
1.200000  163296.924963  5993.528328  266297.913948  288.327014  42.378985  -0.040033
1.300000  163295.989861  5992.327231  266326.662008  287.442100  42.378985  -0.043438
1.400000  163295.057750  5991.032032  266355.318115  286.570416  42.378985  -0.046852
1.500000  163294.128598  5989.643000  266383.883260  285.711751  42.378985  -0.050277
1.600000  163293.202372  5988.160398  266412.358412  284.865893  42.378985  -0.053711
1.700000  163292.279044  5986.584486  266440.744518  284.032629  42.378985  -0.057154
1.800000  163291.358581  5984.915517  266469.042507  283.211749  42.378985  -0.060607
1.900000  163290.440956  5983.153743  266497.253283  282.403062  42.378985  -0.064069
2.000000  163289.526138  5981.299410  266525.377735  281.606380  42.378985  -0.067540
2.100000  163288.614100  5979.352760  266553.416731  280.821521  42.378985  -0.071020
2.200000  163287.704814  5977.314032  266581.371122  280.048307  42.378985  -0.074509
2.300000  163286.798252  5975.183460  266609.241742  279.286565  42.378985  -0.078007
2.400000  163285.894390  5972.961275  266637.029407  278.536126  42.378985  -0.081513
2.500000  163284.993199  5970.647705  266664.734915  277.796825  42.378985  -0.085027
2.600000  163284.094655  5968.242974  266692.359051  277.068501  42.378985  -0.088550
2.700000  163283.198733  5965.747302  266719.902581  276.350997  42.378985  -0.092081
2.800000  163282.305409  5963.160908  266747.366257  275.644159  42.378985  -0.095620
2.900000  163281.414658  5960.484006  266774.750816  274.947839  42.378985  -0.099166
3.000000  163280.526457  5957.716808  266802.056978  274.261889  42.378985  -0.102720
3.100000  163279.640783  5954.859521  266829.285452  273.586167  42.378985  -0.106282
3.200000  163278.757614  5951.912353  266856.436931  272.920533  42.378985  -0.109851
3.300000  163277.876927  5948.875507  266883.512093  272.264850  42.378985  -0.113428
3.400000  163276.998701  5945.749182  266910.511606  271.618985  42.378985  -0.117011
3.500000  163276.122914  5942.533578  266937.436121  270.982808  42.378985  -0.120602
3.600000  163275.249546  5939.228889  266964.286278  270.356190  42.378985  -0.124199
3.700000  163274.378576  5935.835309  266991.062706  269.739007  42.378985  -0.127803
3.800000  163273.509984  5932.353030  267017.766019  269.131137  42.378985  -0.131413
3.900000  163272.643751  5928.782240  267044.396820  268.532459  42.378985  -0.135030
4.000000  163271.779857  5925.123125  267070.955701  267.942856  42.378985  -0.138653
4.100000  163270.918284  5921.375870  267097.443242  267.362215  42.378985  -0.142282
4.200000  163270.059013  5917.540659  267123.860011  266.790421  42.378985  -0.145917
4.300000  163269.202026  5913.617672  267150.206567  266.227366  42.378985  -0.149558
4.400000  163268.347305  5909.607087  267176.483456  265.672940  42.378985  -0.153204
4.500000  163267.494832  5905.509083  267202.691216  265.127039  42.378985  -0.156856
4.600000  163266.644591  5901.323834  267228.830372  264.589558  42.378985  -0.160514
4.700000  163265.796565  5897.051514  267254.901441  264.060395  42.378985  -0.164176
4.800000  163264.950737  5892.692296  267280.904930  263.539450  42.378985  -0.167844
4.900000  163264.107091  5888.246350  267306.841334  263.026626  42.378985  -0.171516
5.000000  163263.265611  5883.713846  267332.711143  262.521827  42.378985  -0.175194
5.100000  163262.426281  5879.094951  267358.514833  262.024957  42.378985  -0.178876
5.200000  163261.589088  5874.389832  267384.252874  261.535924  42.378985  -0.182562
5.300000  163260.754014  5869.598654  267409.925727  261.054637  42.378985  -0.186253
5.400000  163259.921047  5864.721581  267435.533843  260.581006  42.378985  -0.189948
5.500000  163259.090170  5859.758776  267461.077665  260.114943  42.378985  -0.193647
5.600000  163258.261371  5854.710400  267486.557628  259.656363  42.378985  -0.197349
5.700000  163257.434635  5849.576614  267511.974160  259.205179  42.378985  -0.201056
5.800000  163256.609949  5844.357578  267537.327677  258.761309  42.378985  -0.204766
5.900000  163255.787299  5839.053449  267562.618592  258.324670  42.378985  -0.208480
6.000000  163254.966672  5833.664385  267587.847307  257.895182  42.378985  -0.212197
6.100000  163254.148056  5828.190544  267613.014219  257.472764  42.378985  -0.215917
6.200000  163253.331437  5822.632080  267638.119715  257.057338  42.378985  -0.219640
6.300000  163252.516804  5816.989148  267663.164176  256.648828  42.378985  -0.223366
6.400000  163251.704144  5811.261903  267688.147977  256.247157  42.378985  -0.227095
6.500000  163250.893445  5805.450498  267713.071485  255.852251  42.378985  -0.230826
6.600000  163250.084695  5799.555086  267737.935058  255.464035  42.378985  -0.234560
6.700000  163249.277883  5793.575818  267762.739052  255.082438  42.378985  -0.238296
6.800000  163248.472998  5787.512846  267787.483812  254.707387  42.378985  -0.242034
6.900000  163247.670029  5781.366320  267812.169680  254.338813  42.378985  -0.245774
7.000000  163246.868965  5775.136391  267836.796989  253.976646  42.378985  -0.249516
7.100000  163246.069794  5768.823209  267861.366066  253.620767  42.378985  -0.253260
7.200000  163245.272508  5762.426926  267885.877222  253.271035  42.378985  -0.257005
7.300000  163244.477096  5755.947692  267910.330763  252.927385  42.378985  -0.260752
7.400000  163243.683548  5749.385661  267934.726986  252.589753  42.378985  -0.264500
7.500000  163242.891855  5742.740983  267959.066184  252.258078  42.378985  -0.268250
7.600000  163242.102008  5736.013808  267983.348645  251.932300  42.378985  -0.272000
7.700000  163241.313997  5729.204288  268007.574650  251.612357  42.378985  -0.275751
7.800000  163240.527813  5722.312572  268031.744478  251.298191  42.378985  -0.279503
7.900000  163239.743447  5715.338810  268055.858400  250.989744  42.378985  -0.283256
8.000000  163238.960892  5708.283153  268079.916683  250.686956  42.378985  -0.287009
8.100000  163238.180138  5701.145748  268103.919590  250.389770  42.378985  -0.290762
8.200000  163237.401176  5693.926746  268127.867377  250.098130  42.378985  -0.294515
8.300000  163236.624000  5686.626295  268151.760299  249.811980  42.378985  -0.298269
8.400000  163235.848600  5679.244546  268175.598603  249.531263  42.378985  -0.302022
8.500000  163235.074968  5671.781645  268199.382532  249.255925  42.378985  -0.305776
8.600000  163234.303097  5664.237742  268223.112327  248.985912  42.378985  -0.309529
8.700000  163233.532980  5656.612987  268246.788221  248.721168  42.378985  -0.313281
8.800000  163232.764609  5648.907526  268270.410445  248.461642  42.378985  -0.317033
8.900000  163231.997975  5641.121510  268293.979226  248.207280  42.378985  -0.320784
9.000000  163231.233073  5633.255086  268317.494785  247.958030  42.378985  -0.324534
9.100000  163230.469895  5625.308404  268340.957340  247.713840  42.378985  -0.328284
9.200000  163229.708434  5617.281611  268364.367106  247.474658  42.378985  -0.332032
9.300000  163228.948684  5609.174858  268387.724291  247.240434  42.378985  -0.335779
9.400000  163228.190637  5600.988292  268411.029104  247.011116  42.378985  -0.339524
9.500000  163227.434287  5592.722063  268434.281744  246.786656  42.378985  -0.343268
9.600000  163226.679628  5584.376319  268457.482411  246.567004  42.378985  -0.347011
9.700000  163225.926652  5575.951211  268480.631300  246.352109  42.378985  -0.350751
9.800000  163225.175355  5567.446888  268503.728602  246.141925  42.378985  -0.354490
9.900000  163224.425730  5558.863499  268526.774504  245.936401  42.378985  -0.358227
10.000000  163223.677771  5550.201194  268549.769189  245.735490  42.378985  -0.361961
10.100000  163222.931471  5541.460124  268572.712840  245.539145  42.378985  -0.365693
10.200000  163222.186826  5532.640438  268595.605631  245.347319  42.378985  -0.369423
10.300000  163221.443830  5523.742288  268618.447738  245.159964  42.378985  -0.373151
10.400000  163220.702477  5514.765824  268641.239331  244.977033  42.378985  -0.376875
10.500000  163219.962761  5505.711198  268663.980576  244.798482  42.378985  -0.380597
10.600000  163219.224678  5496.578561  268686.671638  244.624263  42.378985  -0.384317
10.700000  163218.488222  5487.368065  268709.312677  244.454332  42.378985  -0.388033
10.800000  163217.753388  5478.079863  268731.903851  244.288643  42.378985  -0.391746
10.900000  163217.020170  5468.714106  268754.445315  244.127151  42.378985  -0.395456
11.000000  163216.288565  5459.270949  268776.937220  243.969813  42.378985  -0.399162
11.100000  163215.558567  5449.750544  268799.379714  243.816582  42.378985  -0.402866
11.200000  163214.830172  5440.153046  268821.772945  243.667417  42.378985  -0.406565
11.300000  163214.103374  5430.478608  268844.117054  243.522272  42.378985  -0.410261
11.400000  163213.378170  5420.727385  268866.412181  243.381104  42.378985  -0.413953
11.500000  163212.654554  5410.899533  268888.658464  243.243871  42.378985  -0.417642
11.600000  163211.932523  5400.995207  268910.856037  243.110530  42.378985  -0.421326
11.700000  163211.212072  5391.014563  268933.005033  242.981038  42.378985  -0.425006
11.800000  163210.493196  5380.957758  268955.105580  242.855352  42.378985  -0.428682
11.900000  163209.775893  5370.824949  268977.157806  242.733431  42.378985  -0.432354
12.000000  163209.060157  5360.616293  268999.161833  242.615232  42.378985  -0.436021
12.100000  163208.345985  5350.331950  269021.117785  242.500715  42.378985  -0.439684
12.200000  163207.633373  5339.972077  269043.025779  242.389837  42.378985  -0.443343
12.300000  163206.922317  5329.536834  269064.885933  242.282559  42.378985  -0.446996
12.400000  163206.212814  5319.026381  269086.698361  242.178838  42.378985  -0.450645
12.500000  163205.504859  5308.440879  269108.463175  242.078635  42.378985  -0.454289
12.600000  163204.798450  5297.780487  269130.180484  241.981908  42.378985  -0.457928
12.700000  163204.093582  5287.045369  269151.850397  241.888619  42.378985  -0.461561
12.800000  163203.390252  5276.235686  269173.473016  241.798726  42.378985  -0.465190
12.900000  163202.688458  5265.351601  269195.048447  241.712190  42.378985  -0.468813
13.000000  163201.988195  5254.393277  269216.576789  241.628972  42.378985  -0.472431
13.100000  163201.289460  5243.360880  269238.058142  241.549033  42.378985  -0.476044
13.200000  163200.592251  5232.254573  269259.492600  241.472332  42.378985  -0.479651
13.300000  163199.896565  5221.074522  269280.880260  241.398832  42.378985  -0.483252
13.400000  163199.202397  5209.820894  269302.221213  241.328493  42.378985  -0.486848
13.500000  163198.509746  5198.493855  269323.515549  241.261277  42.378985  -0.490437
13.600000  163197.818608  5187.093573  269344.763357  241.197147  42.378985  -0.494021
13.700000  163197.128981  5175.620216  269365.964724  241.136063  42.378985  -0.497599
13.800000  163196.440861  5164.073952  269387.119734  241.077987  42.378985  -0.501171
13.900000  163195.754247  5152.454952  269408.228470  241.022883  42.378985  -0.504737
14.000000  163195.069136  5140.763386  269429.291012  240.970713  42.378985  -0.508296
14.100000  163194.385524  5128.999425  269450.307440  240.921439  42.378985  -0.511849
14.200000  163193.703410  5117.163241  269471.277831  240.875024  42.378985  -0.515396
14.300000  163193.022791  5105.255006  269492.202260  240.831431  42.378985  -0.518937
14.400000  163192.343664  5093.274894  269513.080802  240.790624  42.378985  -0.522470
14.500000  163191.666028  5081.223079  269533.913528  240.752565  42.378985  -0.525998
14.600000  163190.989880  5069.099735  269554.700508  240.717219  42.378985  -0.529518
14.700000  163190.315217  5056.905038  269575.441813  240.684550  42.378985  -0.533032
14.800000  163189.642038  5044.639165  269596.137507  240.654520  42.378985  -0.536539
14.900000  163188.970341  5032.302292  269616.787659  240.627095  42.378985  -0.540039
15.000000  163188.300123  5019.894598  269637.392331  240.602238  42.378985  -0.543532
15.100000  163187.631382  5007.416262  269657.951586  240.579914  42.378985  -0.547018
15.200000  163186.964116  4994.867462  269678.465485  240.560089  42.378985  -0.550498
15.300000  163186.298324  4982.248379  269698.934088  240.542725  42.378985  -0.553970
15.400000  163185.634003  4969.559194  269719.357452  240.527790  42.378985  -0.557434
15.500000  163184.971152  4956.800090  269739.735635  240.515215  42.378985  -0.560892
15.600000  163184.309769  4943.971253  269760.068686  240.504939  42.378985  -0.564342
15.700000  163183.649852  4931.072867  269780.356655  240.496929  42.378985  -0.567785
15.800000  163182.991401  4918.105123  269800.599590  240.491155  42.378985  -0.571220
15.900000  163182.334412  4905.068206  269820.797538  240.487584  42.378985  -0.574648
16.000000  163181.678885  4891.962306  269840.950544  240.486186  42.378985  -0.578068
16.100000  163181.024819  4878.787613  269861.058654  240.486929  42.378985  -0.581481
16.200000  163180.372212  4865.544316  269881.121911  240.489782  42.378985  -0.584885
16.300000  163179.721062  4852.232607  269901.140359  240.494714  42.378985  -0.588283
16.400000  163179.071368  4838.852677  269921.114038  240.501694  42.378985  -0.591672
16.500000  163178.423130  4825.404718  269941.042990  240.510693  42.378985  -0.595054
16.600000  163177.776344  4811.888925  269960.927256  240.521678  42.378985  -0.598428
16.700000  163177.131012  4798.305490  269980.766873  240.534620  42.378985  -0.601794
16.800000  163176.487130  4784.654607  270000.561880  240.549489  42.378985  -0.605152
16.900000  163175.844698  4770.936474  270020.312316  240.566254  42.378985  -0.608501
17.000000  163175.203714  4757.151284  270040.018214  240.584885  42.378985  -0.611843
17.100000  163174.564178  4743.299235  270059.679613  240.605352  42.378985  -0.615177
17.200000  163173.926089  4729.380525  270079.296546  240.627626  42.378985  -0.618503
17.300000  163173.289445  4715.395352  270098.869047  240.651677  42.378985  -0.621820
17.400000  163172.654245  4701.343914  270118.397149  240.677474  42.378985  -0.625130
17.500000  163172.020488  4687.226412  270137.880884  240.704990  42.378985  -0.628431
17.600000  163171.388173  4673.043045  270157.320286  240.734194  42.378985  -0.631723
17.700000  163170.757299  4658.794016  270176.715383  240.765057  42.378985  -0.635008
17.800000  163170.127865  4644.479525  270196.066206  240.797551  42.378985  -0.638284
17.900000  163169.499871  4630.099775  270215.372785  240.831646  42.378985  -0.641552
18.000000  163168.873315  4615.654971  270234.635148  240.867314  42.378985  -0.644811
18.100000  163168.248196  4601.145315  270253.853323  240.904526  42.378985  -0.648062
18.200000  163167.624513  4586.571013  270273.027338  240.943254  42.378985  -0.651304
18.300000  163167.002266  4571.932271  270292.157219  240.983469  42.378985  -0.654538
18.400000  163166.381454  4557.229294  270311.242992  241.025143  42.378985  -0.657763
18.500000  163165.762075  4542.462290  270330.284683  241.068248  42.378985  -0.660980
18.600000  163165.144130  4527.631467  270349.282316  241.112756  42.378985  -0.664188
18.700000  163164.527617  4512.737033  270368.235916  241.158639  42.378985  -0.667387
18.800000  163163.912536  4497.779197  270387.145506  241.205870  42.378985  -0.670578
18.900000  163163.298885  4482.758170  270406.011109  241.254420  42.378985  -0.673760
19.000000  163162.686664  4467.674163  270424.832749  241.304264  42.378985  -0.676933
19.100000  163162.075873  4452.527386  270443.610446  241.355373  42.378985  -0.680098
19.200000  163161.466510  4437.318051  270462.344222  241.407721  42.378985  -0.683254
19.300000  163160.858576  4422.046373  270481.034098  241.461280  42.378985  -0.686401
19.400000  163160.252068  4406.712565  270499.680095  241.516023  42.378985  -0.689539
19.500000  163159.646988  4391.316840  270518.282233  241.571925  42.378985  -0.692668
19.600000  163159.043333  4375.859415  270536.840530  241.628958  42.378985  -0.695789
19.700000  163158.441103  4360.340504  270555.355007  241.687097  42.378985  -0.698901
19.800000  163157.840299  4344.760325  270573.825681  241.746314  42.378985  -0.702004
19.900000  163157.240918  4329.119094  270592.252571  241.806585  42.378985  -0.705098
20.000000  163156.642961  4313.417030  270610.635695  241.867883  42.378985  -0.708183
20.100000  163156.046428  4297.654352  270628.975070  241.930182  42.378985  -0.711259
20.200000  163155.451316  4281.831278  270647.270713  241.993456  42.378985  -0.714326
20.300000  163154.857627  4265.948029  270665.522640  242.057681  42.378985  -0.717385
20.400000  163154.265359  4250.004825  270683.730869  242.122831  42.378985  -0.720434
20.500000  163153.674512  4234.001889  270701.895414  242.188881  42.378985  -0.723474
20.600000  163153.085086  4217.939441  270720.016291  242.255806  42.378985  -0.726506
20.700000  163152.497079  4201.817706  270738.093516  242.323581  42.378985  -0.729528
20.800000  163151.910492  4185.636906  270756.127104  242.392182  42.378985  -0.732542
20.900000  163151.325323  4169.397266  270774.117069  242.461583  42.378985  -0.735546
21.000000  163150.741573  4153.099011  270792.063426  242.531761  42.378985  -0.738542
21.100000  163150.159241  4136.742365  270809.966188  242.602692  42.378985  -0.741528
21.200000  163149.578327  4120.327556  270827.825370  242.674351  42.378985  -0.744506
21.300000  163148.998830  4103.854810  270845.640985  242.746714  42.378985  -0.747474
21.400000  163148.420749  4087.324355  270863.413046  242.819759  42.378985  -0.750433
21.500000  163147.844085  4070.736418  270881.141567  242.893461  42.378985  -0.753384
21.600000  163147.268837  4054.091229  270898.826561  242.967796  42.378985  -0.756325
21.700000  163146.695004  4037.389017  270916.468040  243.042743  42.378985  -0.759257
21.800000  163146.122586  4020.630013  270934.066016  243.118277  42.378985  -0.762180
21.900000  163145.551582  4003.814446  270951.620503  243.194376  42.378985  -0.765095
22.000000  163144.981993  3986.942548  270969.131513  243.271017  42.378985  -0.768000
22.100000  163144.413818  3970.014551  270986.599057  243.348178  42.378985  -0.770896
22.200000  163143.847056  3953.030688  271004.023147  243.425836  42.378985  -0.773783
22.300000  163143.281707  3935.991191  271021.403795  243.503970  42.378985  -0.776661
22.400000  163142.717771  3918.896295  271038.741013  243.582556  42.378985  -0.779530
22.500000  163142.155247  3901.746234  271056.034812  243.661573  42.378985  -0.782390
22.600000  163141.594135  3884.541243  271073.285205  243.741000  42.378985  -0.785241
22.700000  163141.034435  3867.281557  271090.492201  243.820815  42.378985  -0.788083
22.800000  163140.476146  3849.967412  271107.655812  243.900996  42.378985  -0.790915
22.900000  163139.919268  3832.599044  271124.776051  243.981522  42.378985  -0.793739
23.000000  163139.363800  3815.176693  271141.852926  244.062348  42.378985  -0.796554
23.100000  163138.809742  3797.700598  271158.886447  244.143439  42.378985  -0.799360
23.200000  163138.257094  3780.170999  271175.876623  244.224775  42.378985  -0.802157
23.300000  163137.705856  3762.588140  271192.823461  244.306334  42.378985  -0.804945
23.400000  163137.156028  3744.952261  271209.726969  244.388096  42.378985  -0.807723
23.500000  163136.607608  3727.263605  271226.587158  244.470042  42.378985  -0.810493
23.600000  163136.060597  3709.522416  271243.404034  244.552152  42.378985  -0.813254
23.700000  163135.514995  3691.728938  271260.177606  244.634405  42.378985  -0.816006
23.800000  163134.970801  3673.883414  271276.907883  244.716782  42.378985  -0.818749
23.900000  163134.428016  3655.986089  271293.594873  244.799265  42.378985  -0.821483
24.000000  163133.886637  3638.037209  271310.238585  244.881834  42.378985  -0.824208
24.100000  163133.346667  3620.037019  271326.839028  244.964469  42.378985  -0.826924
24.200000  163132.808103  3601.985765  271343.396210  245.047153  42.378985  -0.829632
24.300000  163132.270946  3583.883694  271359.910141  245.129867  42.378985  -0.832330
24.400000  163131.735196  3565.731053  271376.380829  245.212593  42.378985  -0.835019
24.500000  163131.200853  3547.528090  271392.808283  245.295313  42.378985  -0.837700
24.600000  163130.667915  3529.275052  271409.192513  245.378008  42.378985  -0.840372
24.700000  163130.136383  3510.972187  271425.533528  245.460662  42.378985  -0.843035
24.800000  163129.606256  3492.619744  271441.831338  245.543256  42.378985  -0.845689
24.900000  163129.077534  3474.217973  271458.085952  245.625774  42.378985  -0.848334
25.000000  163128.550217  3455.767122  271474.297381  245.708198  42.378985  -0.850971
25.100000  163128.024304  3437.267442  271490.465634  245.790512  42.378985  -0.853598
25.200000  163127.499796  3418.719183  271506.590722  245.872698  42.378985  -0.856217
25.300000  163126.976691  3400.122595  271522.672655  245.954742  42.378985  -0.858827
25.400000  163126.454989  3381.477929  271538.711444  246.036626  42.378985  -0.861429
25.500000  163125.934691  3362.785436  271554.707100  246.118334  42.378985  -0.864022
25.600000  163125.415795  3344.045369  271570.659634  246.199850  42.378985  -0.866606
25.700000  163124.898301  3325.257977  271586.569057  246.281159  42.378985  -0.869181
25.800000  163124.382210  3306.423514  271602.435381  246.362246  42.378985  -0.871748
25.900000  163123.867520  3287.542233  271618.258617  246.443095  42.378985  -0.874306
26.000000  163123.354231  3268.614384  271634.038779  246.523691  42.378985  -0.876855
26.100000  163122.842342  3249.640223  271649.775878  246.604020  42.378985  -0.879396
26.200000  163122.331854  3230.620000  271665.469927  246.684066  42.378985  -0.881928
26.300000  163121.822766  3211.553971  271681.120940  246.763816  42.378985  -0.884452
26.400000  163121.315078  3192.442388  271696.728928  246.843255  42.378985  -0.886967
26.500000  163120.808788  3173.285505  271712.293906  246.922369  42.378985  -0.889473
26.600000  163120.303897  3154.083576  271727.815888  247.001144  42.378985  -0.891971
26.700000  163119.800404  3134.836855  271743.294889  247.079567  42.378985  -0.894461
26.800000  163119.298309  3115.545597  271758.730921  247.157624  42.378985  -0.896942
26.900000  163118.797610  3096.210056  271774.124001  247.235302  42.378985  -0.899414
27.000000  163118.298309  3076.830486  271789.474143  247.312589  42.378985  -0.901878
27.100000  163117.800403  3057.407143  271804.781364  247.389470  42.378985  -0.904334
27.200000  163117.303894  3037.940280  271820.045679  247.465935  42.378985  -0.906781
27.300000  163116.808779  3018.430154  271835.267103  247.541969  42.378985  -0.909220
27.400000  163116.315059  2998.877019  271850.445655  247.617561  42.378985  -0.911650
27.500000  163115.822733  2979.281130  271865.581351  247.692699  42.378985  -0.914073
27.600000  163115.331800  2959.642743  271880.674208  247.767372  42.378985  -0.916486
27.700000  163114.842260  2939.962112  271895.724243  247.841566  42.378985  -0.918892
27.800000  163114.354112  2920.239494  271910.731477  247.915272  42.378985  -0.921289
27.900000  163113.867357  2900.475143  271925.695925  247.988477  42.378985  -0.923678
28.000000  163113.381992  2880.669314  271940.617609  248.061171  42.378985  -0.926059
28.100000  163112.898017  2860.822264  271955.496546  248.133342  42.378985  -0.928432
28.200000  163112.415433  2840.934248  271970.332758  248.204980  42.378985  -0.930796
28.300000  163111.934237  2821.005520  271985.126263  248.276075  42.378985  -0.933152
28.400000  163111.454430  2801.036336  271999.877083  248.346616  42.378985  -0.935501
28.500000  163110.976011  2781.026953  272014.585239  248.416594  42.378985  -0.937841
28.600000  163110.498978  2760.977624  272029.250752  248.485997  42.378985  -0.940173
28.700000  163110.023332  2740.888605  272043.873644  248.554817  42.378985  -0.942496
28.800000  163109.549072  2720.760151  272058.453938  248.623043  42.378985  -0.944812
28.900000  163109.076197  2700.592518  272072.991656  248.690667  42.378985  -0.947120
29.000000  163108.604705  2680.385959  272087.486821  248.757679  42.378985  -0.949420
29.100000  163108.134597  2660.140731  272101.939458  248.824071  42.378985  -0.951712
29.200000  163107.665872  2639.857087  272116.349590  248.889833  42.378985  -0.953995
29.300000  163107.198528  2619.535283  272130.717243  248.954956  42.378985  -0.956271
29.400000  163106.732566  2599.175572  272145.042440  249.019433  42.378985  -0.958539
29.500000  163106.267983  2578.778209  272159.325209  249.083255  42.378985  -0.960799
29.600000  163105.804780  2558.343448  272173.565575  249.146413  42.378985  -0.963052
29.700000  163105.342955  2537.871543  272187.763564  249.208901  42.378985  -0.965296
29.800000  163104.882507  2517.362748  272201.919203  249.270710  42.378985  -0.967533
29.900000  163104.423437  2496.817316  272216.032521  249.331832  42.378985  -0.969762
30.000000  163103.965742  2476.235500  272230.103545  249.392261  42.378985  -0.971983
30.100000  163103.509421  2455.617554  272244.132303  249.451989  42.378985  -0.974196
30.200000  163103.054475  2434.963730  272258.118825  249.511008  42.378985  -0.976402
30.300000  163102.600901  2414.274280  272272.063141  249.569313  42.378985  -0.978600
30.400000  163102.148700  2393.549458  272285.965279  249.626896  42.378985  -0.980790
30.500000  163101.697869  2372.789515  272299.825271  249.683750  42.378985  -0.982972
30.600000  163101.248408  2351.994703  272313.643148  249.739870  42.378985  -0.985148
30.700000  163100.800316  2331.165273  272327.418941  249.795250  42.378985  -0.987315
30.800000  163100.353592  2310.301477  272341.152682  249.849882  42.378985  -0.989475
30.900000  163099.908235  2289.403565  272354.844405  249.903762  42.378985  -0.991627
31.000000  163099.464243  2268.471787  272368.494141  249.956883  42.378985  -0.993772
31.100000  163099.021616  2247.506394  272382.101925  250.009240  42.378985  -0.995909
31.200000  163098.580353  2226.507636  272395.667790  250.060828  42.378985  -0.998039
31.300000  163098.140452  2205.475762  272409.191772  250.111642  42.378985  -1.000161
31.400000  163097.701912  2184.411020  272422.673905  250.161675  42.378985  -1.002276
31.500000  163097.264732  2163.313660  272436.114225  250.210924  42.378985  -1.004384
31.600000  163096.828911  2142.183930  272449.512769  250.259384  42.378985  -1.006484
31.700000  163096.394448  2121.022077  272462.869573  250.307050  42.378985  -1.008577
31.800000  163095.961341  2099.828348  272476.184674  250.353917  42.378985  -1.010662
31.900000  163095.529589  2078.602992  272489.458111  250.399981  42.378985  -1.012741
32.000000  163095.099192  2057.346254  272502.689921  250.445239  42.378985  -1.014812
32.100000  163094.670147  2036.058380  272515.880143  250.489686  42.378985  -1.016875
32.200000  163094.242454  2014.739617  272529.028817  250.533319  42.378985  -1.018932
32.300000  163093.816110  1993.390208  272542.135983  250.576133  42.378985  -1.020981
32.400000  163093.391116  1972.010398  272555.201682  250.618125  42.378985  -1.023023
32.500000  163092.967469  1950.600433  272568.225953  250.659291  42.378985  -1.025058
32.600000  163092.545169  1929.160554  272581.208839  250.699630  42.378985  -1.027086
32.700000  163092.124213  1907.691007  272594.150382  250.739136  42.378985  -1.029107
32.800000  163091.704600  1886.192032  272607.050624  250.777808  42.378985  -1.031120
32.900000  163091.286330  1864.663871  272619.909609  250.815643  42.378985  -1.033127
33.000000  163090.869400  1843.106768  272632.727380  250.852637  42.378985  -1.035127
33.100000  163090.453809  1821.520962  272645.503981  250.888789  42.378985  -1.037119
33.200000  163090.039556  1799.906693  272658.239458  250.924095  42.378985  -1.039105
33.300000  163089.626639  1778.264202  272670.933855  250.958554  42.378985  -1.041083
33.400000  163089.215057  1756.593728  272683.587218  250.992163  42.378985  -1.043055
33.500000  163088.804808  1734.895509  272696.199594  251.024921  42.378985  -1.045020
33.600000  163088.395891  1713.169783  272708.771029  251.056826  42.378985  -1.046978
33.700000  163087.988304  1691.416787  272721.301570  251.087875  42.378985  -1.048929
33.800000  163087.582046  1669.636760  272733.791267  251.118067  42.378985  -1.050873
33.900000  163087.177114  1647.829935  272746.240167  251.147401  42.378985  -1.052811
34.000000  163086.773508  1625.996550  272758.648319  251.175875  42.378985  -1.054741
34.100000  163086.371226  1604.136838  272771.015772  251.203488  42.378985  -1.056665
34.200000  163085.970266  1582.251035  272783.342578  251.230238  42.378985  -1.058582
34.300000  163085.570627  1560.339373  272795.628785  251.256126  42.378985  -1.060493
34.400000  163085.172306  1538.402086  272807.874446  251.281150  42.378985  -1.062396
34.500000  163084.775303  1516.439405  272820.079612  251.305308  42.378985  -1.064293
34.600000  163084.379615  1494.451562  272832.244335  251.328602  42.378985  -1.066184
34.700000  163083.985241  1472.438788  272844.368668  251.351029  42.378985  -1.068068
34.800000  163083.592179  1450.401312  272856.452664  251.372589  42.378985  -1.069945
34.900000  163083.200427  1428.339365  272868.496376  251.393283  42.378985  -1.071815
35.000000  163082.809984  1406.253175  272880.499859  251.413110  42.378985  -1.073679
35.100000  163082.420847  1384.142969  272892.463168  251.432069  42.378985  -1.075537
35.200000  163082.033016  1362.008976  272904.386357  251.450162  42.378985  -1.077388
35.300000  163081.646488  1339.851421  272916.269483  251.467387  42.378985  -1.079233
35.400000  163081.261261  1317.670529  272928.112601  251.483746  42.378985  -1.081071
35.500000  163080.877333  1295.466527  272939.915769  251.499237  42.378985  -1.082902
35.600000  163080.494704  1273.239639  272951.679042  251.513809  42.378985  -1.084728
35.700000  163080.113370  1250.990097  272963.402475  251.527423  42.378985  -1.086547
35.800000  163079.733330  1228.718131  272975.086122  251.540080  42.378985  -1.088359
35.900000  163079.354583  1206.423971  272986.730037  251.551778  42.378985  -1.090165
36.000000  163078.977126  1184.107846  272998.334274  251.562518  42.378985  -1.091965
36.100000  163078.600958  1161.769986  273009.898890  251.572299  42.378985  -1.093759
36.200000  163078.226077  1139.410618  273021.423940  251.581122  42.378985  -1.095546
36.300000  163077.852482  1117.029970  273032.909480  251.588985  42.378985  -1.097327
36.400000  163077.480169  1094.628268  273044.355568  251.595891  42.378985  -1.099102
36.500000  163077.109138  1072.205738  273055.762259  251.601838  42.378985  -1.100871
36.600000  163076.739387  1049.762606  273067.129613  251.606827  42.378985  -1.102633
36.700000  163076.370913  1027.299095  273078.457687  251.610858  42.378985  -1.104389
36.800000  163076.003715  1004.815430  273089.746540  251.613933  42.378985  -1.106140
36.900000  163075.637791  982.311834  273100.996230  251.616052  42.378985  -1.107884
37.000000  163075.273139  959.788528  273112.206818  251.617216  42.378985  -1.109622
37.100000  163074.909756  937.245735  273123.378363  251.617424  42.378985  -1.111354
37.200000  163074.547642  914.683674  273134.510926  251.616680  42.378985  -1.113079
37.300000  163074.186794  892.102567  273145.604567  251.614982  42.378985  -1.114799
37.400000  163073.827209  869.502631  273156.659348  251.612333  42.378985  -1.116513
37.500000  163073.468887  846.884086  273167.675331  251.608734  42.378985  -1.118221
37.600000  163073.111825  824.247149  273178.652577  251.604186  42.378985  -1.119923
37.700000  163072.756021  801.592036  273189.591149  251.598691  42.378985  -1.121619
37.800000  163072.401472  778.918965  273200.491111  251.592249  42.378985  -